0.336602 2.77061 
0.363736 2.49134 
0.867681 1.69334 
0.723506 2.59446 
0.737558 2.3703 
0.00500648 3.9855 
0.000991713 3.99082 
0.118268 3.19109 
0.0737061 3.44952 
1.33578 1.06129 
0.00239862 3.92884 
1.44925 0.858455 
0.10636 3.38317 
1.32403 1.53992 
0.84382 1.60158 
0.0707038 3.51641 
1.41408 0.851711 
0.001554 3.99716 
0.840655 2.45955 
0.766353 2.02654 
1.40357 0.834217 
0.00124071 3.98979 
0.069992 3.49017 
0.757464 2.10919 
1.41341 0.817429 
0.757549 2.10927 
0.340712 2.91062 
0.718334 2.65772 
0.848617 1.61281 
1.2898 2.31995 
0.0977334 3.76224 
0.36402 2.48296 
0.0967363 3.41675 
0.342877 3.20999 
0.095712 3.23338 
0.389012 2.41756 
0.0607796 3.65141 
0.112489 3.18472 
1.33936 1.13828 
0.0976578 3.20938 
0.830499 1.59785 
0.771088 1.9409 
1.46048 0.894676 
0.101443 3.1912 
0.347983 2.68013 
0.0891796 3.29416 
0.127257 3.25361 
0.311273 3.08853 
0.756904 2.89969 
0.439015 2.51865 
0.392557 2.39149 
0.0721317 3.59378 
1.31628 1.5122 
0.0034126 3.91372 
1.32437 1.17915 
1.38981 0.796936 
0.0168589 3.96811 
0.344849 2.66259 
0.0116471 3.92225 
1.41368 1.18827 
0.763695 2.1781 
0.799923 1.70567 
0.00155543 3.99621 
0.799308 1.76078 
0.00124071 3.98979 
1.38046 0.814655 
0.052773 3.76021 
0.772911 1.94272 
0.101578 3.28062 
0.858934 1.6167 
1.35498 0.912724 
0.828775 1.59612 
1.33607 1.06158 
1.37502 1.01304 
0.794985 1.73149 
0.0766162 3.5625 
0.79862 1.74209 
1.32587 1.15937 
1.25095 2.25567 
0.828167 1.61971 
1.38491 1.39458 
1.30625 1.5954 
0.828653 1.596 
1.33607 1.06158 
0.0456147 3.8609 
0.771694 2.10097 
1.30978 1.34515 
0.353187 2.68468 
0.100812 3.88392 
1.48508 0.926505 
1.37376 0.909194 
1.38179 0.884495 
0.0026809 3.93727 
1.34908 0.958456 
0.445074 2.66687 
0.33592 2.7523 
0.730115 2.48562 
0.82057 1.61031 
1.40444 0.89916 
0.776849 1.89347 
