0.0647914 4.06127 
0.00405761 4.00053 
0.0756196 3.41352 
0.789937 1.8294 
1.28776 1.67226 
0.77374 1.92526 
0.101022 3.23932 
1.3107 1.3514 
0.354236 2.74497 
0.750537 2.19527 
0.0618782 3.60561 
0.31 3.50342 
0.36486 2.60163 
1.32066 1.48003 
0.333171 2.78469 
0.358583 2.52573 
0.361676 2.50121 
0.85015 1.60849 
0.00531719 3.89636 
0.837194 1.60254 
1.3211 1.21084 
0.761118 2.48011 
0.348159 2.61889 
0.338481 2.72922 
1.40937 0.812971 
1.41438 0.817978 
0.304662 3.16947 
1.39256 0.796165 
0.379029 2.42451 
1.33226 1.1008 
0.0759414 3.5068 
0.784711 2.00024 
1.30116 1.72703 
0.0964077 3.36372 
0.842871 1.60675 
0.818635 1.61865 
0.370258 2.48066 
0.0487258 3.8082 
1.36195 0.875824 
0.812584 1.64322 
0.78086 1.99639 
0.356405 2.5551 
0.00118434 3.9946 
1.40079 0.811283 
0.765126 2.02445 
0.752842 2.20634 
0.301739 3.23037 
1.49231 1.21834 
1.30552 1.41439 
1.33885 1.23075 
0.401365 2.39892 
0.750537 2.19527 
0.788375 1.79353 
0.0965544 3.57879 
0.835633 1.75327 
0.813003 1.96862 
0.343415 2.65372 
0.738718 2.36514 
0.765126 2.02445 
0.326972 2.87378 
1.30354 1.42367 
0.378381 2.766 
0.136834 3.21501 
0.783116 1.84127 
0.0756301 3.41353 
0.467995 2.46555 
0.302619 3.19546 
0.757773 2.12049 
0.113269 3.49159 
1.25033 2.3086 
0.738097 2.37399 
0.807901 1.65822 
0.373221 2.53208 
1.29682 1.58205 
1.32066 1.9239 
0.39069 2.3923 
0.36995 2.45295 
0.0145004 3.9063 
0.000858254 3.94508 
0.757819 2.39371 
1.38251 0.803868 
0.772027 2.21676 
0.00456848 3.94879 
0.399692 2.39698 
0.776277 2.22101 
0.00497811 3.89602 
0.013169 3.91333 
1.31513 1.29395 
0.368903 2.45867 
0.469629 2.56459 
0.783791 2.23729 
0.0010522 3.97661 
0.822206 1.73984 
0.00137327 3.9456 
0.31854 2.97503 
1.44128 0.997153 
0.310655 3.16793 
0.738077 2.37397 
1.36309 0.864378 
0.310655 3.16793 
