0.75427 2.41088 
1.36146 0.946876 
0.00876144 3.91333 
0.0518923 3.99258 
0.00211029 3.92467 
0.380523 2.4547 
0.567389 3.29854 
0.340351 2.71553 
1.40483 0.809126 
0.00669463 3.89737 
0.745448 2.35627 
0.371372 2.69017 
1.24936 2.26903 
0.104841 3.19168 
0.770628 2.04124 
0.132423 3.75336 
0.113176 3.18541 
0.785199 1.96835 
0.723374 2.60204 
0.00717745 3.90619 
0.0155558 4.01547 
0.395353 2.39322 
0.116722 3.19444 
0.0717997 3.48001 
1.44061 0.843593 
1.3227 1.32178 
0.331928 2.8212 
0.310289 3.12279 
1.39557 0.798771 
1.37359 0.894867 
0.868061 1.62624 
0.756615 2.15191 
0.766069 2.16137 
0.78913 1.97228 
0.359978 2.55805 
1.33151 1.19549 
0.837185 1.59562 
0.779908 2.48085 
0.0893448 3.43438 
0.0824304 3.67878 
0.0428546 3.96894 
1.36643 0.876009 
0.0772737 3.49576 
0.337298 2.75239 
0.343768 2.75886 
0.309179 3.15224 
1.3741 0.829475 
0.0700983 3.53369 
0.342705 3.08212 
0.813487 1.80794 
1.39567 0.798877 
0.0952651 3.22442 
0.855123 1.61587 
0.0568796 3.84692 
1.32475 1.18087 
0.885898 1.65154 
0.344606 2.70523 
0.721381 2.71071 
0.765578 2.16087 
0.836618 1.59505 
0.873036 1.71754 
0.354857 2.59585 
1.30633 1.40731 
0.0459308 3.86268 
0.0692911 3.58121 
0.403816 2.40126 
1.33658 1.09933 
0.403816 2.40126 
0.866619 1.6248 
0.370321 2.68911 
0.77259 1.95574 
0.3542 2.5714 
1.2875 1.74404 
0.769232 2.00117 
1.26388 2.086 
0.745492 2.39773 
1.328 1.46038 
0.354384 2.57158 
0.0726024 3.47419 
0.781235 1.84414 
0.104572 3.23577 
1.27095 1.95737 
1.43357 0.83655 
0.0918709 3.2682 
0.0798692 3.47573 
1.30633 1.40731 
0.334998 2.94583 
0.115658 3.18789 
0.366591 2.511 
1.30511 1.61471 
1.29316 1.62489 
0.786707 1.96986 
1.34905 1.028 
0.770376 2.3812 
1.36119 0.885829 
0.326884 2.95317 
0.838259 1.59623 
0.334499 2.94533 
0.0868292 3.33752 
0.883951 1.68085 
