1.42263 0.828293 
0.194904 3.48986 
0.309922 3.09394 
0.831702 1.78008 
1.3507 0.932362 
0.824584 1.61788 
1.32495 1.15602 
0.872358 1.69542 
0.793786 1.75352 
0.0398087 4.03534 
0.773459 1.91849 
0.00151497 3.92833 
0.327709 2.84269 
0.335641 2.74363 
0.31446 3.09664 
0.783885 1.81963 
0.0932476 3.22871 
0.340123 2.70165 
1.30746 1.37311 
0.767176 1.99321 
0.745108 2.29596 
1.30852 1.37417 
0.0763316 3.76067 
0.335415 2.75618 
1.29115 1.5942 
1.35803 0.886643 
1.29115 1.59419 
0.000969948 3.94517 
0.816439 1.65255 
1.39475 0.800581 
0.810507 1.64661 
0.0652592 3.56218 
1.2287 2.64484 
0.831306 1.59482 
0.887622 1.77039 
0.270131 3.64796 
1.31594 1.26769 
1.36752 0.856509 
1.39005 0.795717 
1.33794 1.03523 
0.0894101 3.27457 
0.0671254 3.53881 
0.333509 2.76986 
0.768518 2.12545 
0.767176 1.99321 
0.789944 1.76849 
1.31969 1.22156 
1.37442 0.819984 
0.000494416 3.99608 
0.0760681 3.39754 
0.0663158 3.6991 
1.42602 0.851004 
0.344511 2.66743 
0.379401 2.40918 
0.332033 2.79379 
0.0926123 3.41408 
1.35415 1.09677 
1.29641 1.51665 
0.000494416 3.99608 
0.111263 3.24673 
0.786817 1.79943 
0.319525 2.96283 
0.0842922 3.3567 
0.0691799 3.50994 
0.779554 1.86858 
1.39338 0.799044 
1.35911 1.12222 
0.368323 2.45564 
0.054277 3.78485 
0.117433 3.19855 
0.348915 2.60947 
1.40631 0.812144 
1.25587 2.15457 
0.367096 2.56887 
1.40877 1.19135 
0.118283 3.20179 
0.501993 3.032 
0.0852777 3.45781 
0.827984 1.60101 
1.33141 1.09336 
0.0542925 3.73361 
0.0635036 3.77871 
0.828575 1.60498 
0.0524084 3.75663 
0.081365 3.35634 
0.769099 2.07099 
0.00159603 3.99712 
0.400063 2.40521 
0.348498 2.61461 
1.32 1.22266 
0.404204 2.41798 
0.314867 3.02766 
1.3431 0.995072 
0.314867 3.02766 
0.0162941 3.90779 
0.793786 1.75352 
1.33794 1.03523 
0.388176 2.39332 
0.740894 2.31966 
0.346778 3.01018 
