0.316177 3.02286 
1.33866 1.03811 
0.110967 3.18295 
0.319628 3.08061 
0.757021 2.19689 
0.323008 2.92515 
0.111624 3.24463 
1.35255 1.10797 
0.116127 3.22736 
0.04619 3.9877 
0.37936 2.48084 
0.694393 3.04585 
0.405084 2.40749 
1.39056 1.29762 
0.814388 1.64128 
0.328956 2.9311 
0.827776 1.59894 
1.30623 1.59657 
0.345338 2.66168 
0.789508 2.11719 
0.830699 1.88137 
1.35201 1.08115 
0.748729 2.24924 
1.31299 1.43579 
0.06781 3.52555 
0.109138 3.18203 
1.31037 1.39089 
0.81321 1.65216 
0.749031 2.24517 
0.0749042 3.44063 
0.776434 2.10412 
0.115575 3.35536 
0.348071 2.66441 
0.310173 3.16781 
1.31767 1.36297 
0.072372 3.60815 
1.39901 0.801628 
0.389588 2.40812 
1.60815 3.43213 
0.0286416 4.00239 
0.0595762 3.67808 
0.0737501 3.60953 
1.39778 0.800399 
1.32094 1.27971 
0.0588242 3.72597 
1.31225 1.43505 
0.340722 2.71902 
0.0271313 3.96008 
0.046333 3.87004 
0.0580157 3.77055 
0.468495 2.87193 
1.28623 2.21771 
0.791953 1.87582 
0.7384 2.38575 
0.00404097 3.93009 
0.388367 2.46859 
0.0987644 3.46276 
0.379075 2.55643 
0.309907 3.14601 
0.757021 2.19689 
1.41101 0.828426 
0.0356534 3.98397 
0.777868 2.37398 
1.39901 0.801628 
0.340915 2.94743 
0.336832 2.78129 
1.43783 0.985009 
0.715093 2.70899 
0.369552 2.4872 
0.320194 3.08117 
0.0703252 3.70851 
1.36442 0.862779 
0.381526 2.4351 
0.757324 2.40468 
1.33866 1.03811 
0.310173 3.16781 
0.00284644 3.91906 
0.110967 3.18295 
0.111367 3.21272 
0.774261 1.91591 
1.32873 1.23579 
1.32942 1.23648 
0.353299 2.60216 
1.2928 1.58315 
1.3272 1.63077 
0.812915 2.1406 
0.869155 1.62829 
0.0868995 3.56427 
0.862347 1.62148 
1.29303 1.58338 
1.35143 1.18033 
0.748489 2.2294 
0.813453 1.6364 
0.835846 1.59495 
0.0948989 3.45909 
0.0588242 3.72597 
0.831151 1.60296 
1.35036 1.1204 
1.38335 0.810656 
0.741716 2.46177 
