1.23418 3.38841 
1.51074 2.90572 
0.573015 4.2533 
1.49878 2.9766 
0.725596 4.03593 
1.85053 2.77148 
1.97589 2.82448 
1.0447 3.80464 
2.30455 2.63724 
1.51966 3.54966 
2.38865 0.413145 
0.679969 4.2555 
2.55417 2.60052 
2.52099 3.00815 
0.531569 4.20588 
0.799724 3.96084 
1.02122 3.84037 
1.47044 3.05115 
0.874862 3.86869 
0.253076 4.25307 
2.46463 0.673676 
2.26538 1.75886 
0.78413 4.01704 
2.41161 0.640453 
0.614934 4.51375 
1.61595 3.12141 
1.41745 2.92189 
1.94404 2.52327 
0.655221 4.62129 
1.77575 4.1074 
0.325919 4.27255 
2.10057 1.94716 
1.1756 3.439 
1.42455 2.8807 
1.91842 2.58735 
2.04636 2.17954 
0.636092 4.21163 
0.985934 3.79487 
0.847791 3.87152 
1.42288 2.87903 
1.24263 4.30905 
2.66238 2.08368 
2.22154 1.65543 
2.32153 1.92767 
1.80719 2.9039 
1.35329 3.15548 
2.22213 1.86838 
1.84211 2.75131 
0.644866 4.24196 
0.7766 4.07933 
1.77478 2.89856 
2.09832 2.09304 
0.68006 4.15145 
1.22948 3.35333 
0.549462 4.28698 
2.13563 2.94765 
1.42455 2.8807 
2.07772 2.16468 
2.09047 2.17743 
0.253076 4.25307 
1.28512 3.21037 
2.38159 0.57426 
1.00134 3.80937 
1.79142 2.91857 
2.1735 1.5838 
2.37295 0.503868 
0.726542 4.03632 
0.949403 3.90236 
1.96301 2.53439 
0.932207 3.88516 
1.10209 3.55127 
1.26715 3.27693 
1.92172 2.59065 
1.83948 2.74868 
2.02379 2.35512 
0.995404 3.6054 
2.08893 1.99163 
1.8676 2.69779 
1.15631 3.48938 
1.16837 3.50163 
0.253076 4.25307 
2.00496 2.34849 
1.19018 3.45385 
1.10606 3.56671 
1.9077 2.64839 
2.10057 1.94716 
0.253785 4.25378 
2.25317 0.435348 
2.54633 0.697735 
2.59393 3.07472 
2.07538 2.02787 
2.16141 1.80766 
1.21923 3.41191 
1.31003 3.11894 
2.92583 0.964591 
2.15226 3.93272 
0.257712 4.25771 
0.253076 4.25307 
1.67428 3.07414 
2.35651 1.83091 
