2.5909 2.44657 
1.17854 4.17267 
2.16996 1.8294 
2.00568 2.3527 
0.346248 4.32196 
1.31963 3.51661 
2.40134 1.76822 
1.2871 3.34737 
2.50037 1.00895 
2.50752 0.508904 
0.512942 4.05193 
2.11107 1.96674 
1.4697 3.04965 
0.888191 3.98334 
2.45208 1.52696 
2.29153 2.2815 
2.20557 3.68052 
2.13469 3.49822 
0.258939 4.25831 
1.04125 3.61867 
2.46494 1.40834 
2.1725 1.83193 
2.89735 0.903578 
2.4822 2.14164 
1.96123 2.50202 
1.98714 2.37912 
2.71664 1.13327 
2.90763 1.51958 
1.81709 2.77634 
0.463536 4.06056 
1.96946 2.51024 
1.36276 3.1301 
0.469195 4.21101 
2.00812 2.32224 
2.4899 0.972501 
0.648905 3.87009 
0.976149 3.61255 
1.21989 3.44263 
1.87222 2.77702 
1.91306 2.60563 
2.48285 1.34599 
0.68372 4.02157 
1.80474 2.78225 
1.06796 3.62206 
2.71796 2.21507 
2.51143 1.74094 
1.79711 3.14087 
1.70042 3.40154 
1.79415 3.12431 
2.41328 2.6544 
2.02371 2.25828 
2.39521 1.93084 
2.172 1.83143 
2.45796 1.57762 
0.841074 3.83521 
1.129 3.44639 
1.87222 2.77702 
2.40134 1.76822 
0.515313 4.21784 
1.79153 2.84419 
2.05358 2.14735 
1.90779 2.72488 
1.90259 2.72537 
0.280604 4.27998 
1.25462 4.00782 
1.80354 3.85897 
2.07108 2.06114 
1.43866 2.84932 
1.03907 3.68072 
2.12282 2.46984 
0.281004 4.25774 
1.18011 3.54374 
2.41965 1.76009 
1.22709 3.42259 
2.51504 0.99345 
2.44582 1.55854 
2.13836 2.30991 
0.478569 4.35763 
1.44518 2.85584 
2.07086 2.06059 
2.47677 1.35238 
0.634626 3.85581 
2.50546 0.516548 
0.469211 4.10621 
2.62149 0.642407 
2.4841 1.434 
0.99815 3.59619 
0.626727 3.9125 
2.43536 1.8158 
2.56243 0.568661 
2.09774 2.08191 
0.683703 3.82258 
0.840189 3.97679 
1.51072 3.43711 
0.296209 4.29558 
0.773636 3.86879 
2.93167 1.45079 
2.77339 0.829103 
2.78426 0.886622 
2.49004 1.62535 
