0.395209 4.29301 
1.01051 3.73154 
1.41396 3.56001 
1.89946 1.967 
1.87772 2.04197 
0.283787 4.26498 
1.5681 2.92783 
2.36429 0.553738 
2.52603 1.16063 
2.05492 2.00916 
1.45204 2.85571 
2.12492 0.124977 
1.48256 4.18039 
1.85869 3.40824 
0.714902 3.88793 
2.05142 1.53759 
0.729959 3.75771 
0.979959 3.76587 
1.73373 2.13894 
1.9213 1.98884 
1.40903 3.00926 
2.09823 0.351842 
1.5954 2.64972 
1.08632 3.69754 
2.10041 0.22314 
1.23595 3.49157 
2.46313 3.64599 
2.04647 4.22693 
2.11207 1.59823 
1.87978 1.94732 
1.97975 2.89951 
1.96519 3.49069 
1.5954 2.64972 
0.944866 3.68227 
1.28863 3.32379 
0.554069 4.21593 
1.4509 2.85457 
1.73436 2.13957 
0.927098 3.68894 
2.09628 0.219006 
2.0906 0.0907103 
1.83695 2.22939 
2.29161 1.05134 
2.0834 2.36538 
0.762889 4.35882 
1.51354 3.71481 
0.977629 4.07105 
2.52335 0.523393 
2.09878 0.09885 
1.1028 3.6671 
1.68101 2.91748 
0.67255 3.92009 
0.254338 4.25433 
1.62683 2.76846 
1.27504 3.58117 
0.667191 4.15347 
2.01835 4.42562 
2.49586 3.59323 
1.75258 2.56635 
0.254338 4.25433 
2.04965 1.54267 
1.6598 2.47612 
1.23595 3.49157 
0.516033 4.22455 
0.752475 3.76316 
1.97474 1.77597 
1.52042 3.25828 
1.1413 3.6869 
2.05542 4.0262 
2.8058 0.910274 
1.30461 3.28683 
1.10165 3.66596 
1.41396 3.56001 
1.73103 2.12347 
1.72487 2.3448 
0.254298 4.25429 
2.34541 0.345602 
2.07429 2.1826 
0.491784 4.48973 
1.98903 2.68363 
0.570626 4.24776 
1.6701 2.48642 
2.21679 0.278605 
2.07472 1.92191 
2.26476 3.49226 
1.67807 3.6401 
1.73103 2.12347 
2.09033 0.255392 
1.09587 3.65744 
0.717433 4.05118 
0.674445 3.9657 
0.594182 4.12346 
1.29015 3.31961 
1.45025 2.85392 
2.08409 3.77913 
1.96463 3.5742 
1.45307 2.85674 
0.551674 4.21354 
1.64683 3.0505 
0.372553 4.37255 
