2.39903 1.83114 
1.46252 2.86066 
0.270592 4.25618 
0.570546 4.29632 
2.47559 1.46382 
0.88552 3.8422 
1.10597 3.48413 
0.923703 3.65365 
2.35598 1.96596 
2.40703 2.01791 
1.88867 2.73869 
2.39515 1.79946 
2.01337 3.2024 
2.46661 1.5651 
1.66477 3.43419 
2.319 2.3467 
2.21014 2.17428 
1.24391 3.41772 
0.954699 3.88306 
1.33027 3.25435 
2.49229 1.07483 
2.51265 0.919245 
2.47715 1.28787 
0.815497 3.9888 
1.40629 3.31254 
1.04253 3.75197 
1.7095 3.22172 
2.50691 0.553167 
0.863409 3.81358 
0.952196 3.68837 
0.297238 4.27528 
2.47183 1.29535 
0.461143 4.21463 
0.772814 3.96842 
2.24325 2.08798 
1.01958 3.76619 
2.11452 1.87132 
0.269147 4.25574 
2.03304 2.17551 
1.67875 3.02692 
0.807697 3.91876 
1.93977 2.47325 
1.98097 2.46169 
0.659166 4.22356 
1.24768 3.26211 
2.11038 1.77944 
2.04348 2.07118 
0.491145 4.24842 
2.68445 0.730712 
0.513396 4.37021 
1.44419 2.97572 
2.50871 0.510733 
1.34213 3.22499 
1.4636 2.86174 
1.83157 2.82368 
2.08339 2.30771 
2.49613 0.902725 
1.44937 3.21879 
2.40525 1.85639 
0.759557 3.98711 
0.883159 3.83924 
1.99285 2.21717 
1.84164 2.74584 
1.46455 2.86269 
1.92559 2.66968 
1.06876 3.51735 
1.47614 2.93675 
0.715644 4.3916 
1.16015 3.70467 
0.754269 4.00026 
2.49442 1.08382 
2.25174 1.85139 
2.47947 1.29019 
1.10232 3.48048 
2.49613 0.902725 
2.52265 0.524527 
0.844386 4.32486 
0.658029 4.4027 
1.39509 3.40952 
1.05603 3.57037 
2.51634 0.625298 
2.50264 0.909238 
0.94297 3.823 
1.07032 3.53253 
1.36492 3.04587 
0.663044 4.22744 
0.268466 4.25506 
0.568535 4.17985 
1.92209 3.98796 
0.692471 4.13745 
2.48246 1.23718 
2.39744 1.83939 
0.711284 4.27782 
0.892378 3.92892 
0.819382 3.93045 
1.20578 3.33811 
1.2563 3.27073 
1.44432 2.97585 
1.98398 2.33845 
1.45273 2.85087 
