1.42652 2.81628 
1.84078 2.82923 
1.20953 3.43424 
0.982988 3.68457 
1.18968 4.06981 
0.625482 4.25729 
1.95666 2.45357 
2.00271 2.43706 
2.60908 2.34713 
2.31915 2.75214 
0.250039 4.24988 
0.887847 4.04116 
1.00535 3.67307 
1.39102 3.1664 
2.13264 1.76733 
2.50815 0.508233 
0.250039 4.24988 
0.60134 4.05456 
0.60134 4.05456 
1.81856 2.81677 
0.250039 4.24988 
2.39645 1.76515 
0.896811 3.75576 
0.827362 3.92825 
1.15841 3.43032 
1.46028 3.01908 
2.47953 1.18745 
1.13781 3.46643 
2.40898 1.69804 
1.13781 3.46643 
1.87539 2.70562 
2.42633 1.71539 
2.13264 1.76733 
0.685895 3.92301 
0.666883 4.00651 
1.99427 2.28538 
2.50564 0.505717 
0.779092 3.83982 
2.10226 1.99812 
1.38237 3.15776 
2.44667 2.45516 
1.25733 3.70909 
0.25575 4.25559 
1.93107 2.60917 
2.46415 1.44359 
1.04303 3.61731 
2.49053 0.991352 
1.28476 3.38421 
2.12655 1.76125 
0.871802 3.75457 
0.296413 4.29625 
1.43741 2.82717 
0.819357 3.97267 
2.12707 1.76576 
2.69506 0.695069 
2.50785 1.54078 
1.38829 3.10912 
2.44457 1.4775 
0.282359 4.28051 
0.298585 4.29843 
2.05856 2.24892 
0.436713 4.3744 
0.529099 4.10821 
0.872654 3.75543 
2.45347 1.52094 
2.09795 2.71233 
2.18504 2.2859 
2.11744 3.08538 
1.3575 3.11526 
1.32559 3.27952 
2.4328 2.20837 
2.85926 2.43571 
2.06815 2.05765 
0.363883 4.28016 
2.50046 0.84423 
2.1224 1.76108 
2.45959 1.42391 
0.47804 4.06533 
2.74864 1.59928 
2.35652 2.19481 
2.45295 1.4446 
1.96453 2.48609 
2.41387 1.70517 
2.10809 1.91345 
0.316181 4.27103 
0.549199 4.11346 
1.29011 3.34635 
2.05887 2.24813 
2.39835 1.95251 
2.002 2.4995 
1.82315 2.77616 
0.872241 3.75501 
2.29846 3.2012 
2.2772 3.40448 
2.12922 1.76392 
2.47203 1.36286 
1.42099 3.38642 
0.975633 3.66957 
1.27394 3.40667 
2.50161 0.84538 
